D=[35 -19 16; -28 13 24; -38 -12 -3; 23 20 -34; -6 38 -49]
N=[-14 -25 -42; 16 -43 -8; -19 46 21; 5 -35 -12; 10 -41 25]
E=[8 -48 12; 47 -49 -15; -31 -33 -19; 9 -32 -45; -26 -44 -20]
O=[-23 -42 35; 0 13 2; 38 25 12; -34 20 40; 16 -21 42]
H=[-34 47 13; -3 7 -16; -46 -17 42; 37 16 19; 26 -5 27]
G=[16 -14 -30; 30 2 -7; 20 20 22; 13 1 -48; -41 -31 1]
R=[44 1 -40 -38; -30 -12 8 0; 2 -44 45 21; -8 -35 1 -3; 8 24 19 32; 39 22 34 48; 41 38 -28 -40; -2 31 -17 -8; 34 -7 5 6]
M=[36 -27 -49; 7 -33 19; 10 -34 29]
B=[25 -40 48; -25 4 36; -2 14 -15; 31 47 -21; -33 42 -14]

D-N-E-O+H-G+R*M-B
