M=[-34 -10 -30 24 -23; 45 48 18 46 16; -27 -27 8 -38 -10; -31 49 31 -12 15; -11 -15 27 37 -50; -9 -11 -31 31 -12; 44 47 -20 16 21; 8 11 -29 28 -40; 37 -48 -17 48 16; -25 -33 15 -44 5]
A=[40 9 35 -7 -49; 26 12 -16 17 -42; 33 47 24 -44 5; 38 -22 -16 48 -35; 38 33 -37 -44 10; -19 21 16 -12 3; 14 -21 -37 -49 -26; 16 -21 36 2 46; -3 -15 -4 -29 -9; 3 11 19 -11 -39]
C=[0 35 4 -17 6; 23 22 12 39 3; -23 -8 27 43 21; 13 -5 -30 12 30; 16 34 23 -31 47; -7 9 -41 30 -12; -47 32 26 -40 -34; 34 -15 38 -4 -26; -9 23 -32 -32 -32; -9 -17 13 -37 46]
N=[-29 1 -21 14 12; 40 46 2 -4 -20; -22 6 -4 -37 41; 36 9 17 29 35; -13 -1 -47 28 -15]
T=[16 -27 17 37 24; -2 -47 38 -11 49; -9 35 32 19 -9; 30 -16 34 17 -4; -47 48 -19 42 -50; -16 20 -15 -45 -36; -32 22 -12 -13 9; 14 35 13 -45 -26; -36 -4 -41 46 17; -48 27 -48 36 46]
O=[-19 -17 -4 -33 6; 31 -27 20 1 45; 10 38 -44 27 24; 19 32 48 34 30; 10 -18 49 12 11; -49 -49 7 -49 -8; -46 34 -22 0 -48; 34 34 -25 -44 37; 22 -31 -22 28 -2; -48 -50 32 2 -14]
F=[-37 -23 -20 17 -22; -11 18 -28 45 -45; 0 48 -43 36 -16; 34 -5 -29 -42 14; -1 -12 14 -47 -12]
V=[11 -48 14 16 -46; 12 -25 41 46 11; -14 -33 19 2 -31; -43 -34 -28 -4 -36; -20 22 24 -47 17; 49 -48 -6 -10 32; -37 3 -14 27 -31; -10 41 46 -19 37; 7 -31 6 -24 -27; -23 35 -11 0 33]
L=[29 -15 25 29 40; -30 21 -26 35 -26; 10 12 45 -50 -45; 41 34 42 -2 5; -50 -24 29 -22 -39]

M+A+C*N-T+O*F-M-V*L
