H=[28 6 -18 -3 -2 -31 -16 -6 47 23; -39 46 25 -30 8 -8 -17 43 -14 34; 0 46 34 -11 7 -28 -49 8 11 46; 10 -11 -45 42 -11 3 -38 23 47 11]
U=[31 18 18 16; -37 6 0 14; 2 36 5 -41; -42 -42 -31 19; -45 29 10 -40; 22 49 -35 -14; -26 15 -1 -27; -25 9 -2 -44; 30 -34 -26 43]
G=[26 -38 15 -13 22 -25 7 -9 -20 38; 4 42 10 -45 -42 -2 -20 23 0 -45; 48 -41 3 7 39 -28 31 33 -4 -42; 42 25 22 -41 -38 -5 -15 19 -12 -33; 8 42 -40 20 48 20 21 30 -7 -29; 35 43 -20 40 0 22 14 34 -43 13; -6 1 -12 -34 11 0 11 -2 22 -50; 15 -20 -6 -23 2 -8 47 25 -28 42; 46 9 36 29 0 38 -47 16 22 -40; -21 18 11 17 -13 24 20 0 24 -8]
B=[-3 -31 -22 39 -33 -46 14 -41 2 25; -3 33 27 -14 36 -6 10 -2 23 31; -40 43 -32 -14 -35 18 -39 7 21 -47; 31 -32 -28 11 9 41 15 25 3 20; 1 -50 -45 -22 38 42 22 -1 42 48; 32 4 -7 -50 41 8 18 -48 17 41; 7 -50 -41 29 11 19 -27 29 46 26; -1 -3 -22 4 26 -33 48 -50 -32 -7; 0 -50 47 43 -50 38 -47 -30 -8 20; -38 49 20 23 -19 -18 -8 4 -39 41]
E=[-40 -32 16 -23 19 17 47 -38 -33 47; -41 13 -1 0 16 20 42 -13 -16 -6; -43 -43 25 41 -48 31 4 43 13 16; 33 23 -13 0 3 -44 -33 0 -32 36]
V=[-1 -21 18 21 24 7 7 -32 -34 15; -5 -42 -31 -24 12 14 -9 31 -3 -36; -32 47 -31 -26 16 -28 44 -45 -28 23; -44 -27 5 24 45 -21 -19 2 49 -2]
Y=[-10 20 20 -46 13 1 2 -21 -29 -49; -1 47 18 21 41 23 -5 -33 -19 18; -26 -44 -35 3 39 -30 2 39 -9 -2; 47 32 -32 -30 -12 31 -27 -8 12 -5; -6 -39 -8 14 -16 36 39 -19 5 -30; 2 29 28 17 34 -30 -11 -14 -41 31; -14 9 -35 4 -19 3 37 4 46 -49; 1 42 -37 44 6 49 -18 47 -19 37; 19 33 16 -2 -48 0 18 -8 -12 -21; -27 24 38 -12 30 -31 41 -31 -24 -11]
P=[35 -27 -11 35 5 38 18 44 8 1; -38 8 3 -36 -24 -3 -46 -43 20 28; -2 10 -40 17 -46 31 -5 -7 4 -27; -23 -11 48 16 26 4 5 -6 -50 15]
N=[3 -23 -49 -50 -18 -42 -27 12 6 33; -25 26 37 -44 -29 33 -38 46 -40 -46; 45 -22 30 -49 -15 27 -49 -50 26 16; -27 31 44 -26 -16 28 35 7 -10 -9; 42 -33 -33 -18 26 -11 -35 38 37 27; 42 32 -45 -25 33 -9 4 -13 -9 -20; -47 -33 -38 -1 43 48 -23 28 5 -30; -30 49 -13 39 -19 -37 30 48 -48 18; 25 -4 0 31 21 36 24 -25 -27 -35; 6 28 34 -30 -22 28 -32 5 -42 -25]
D=[15 20 -42 -20 -48 -44 -18 20 -16 -19; 23 -35 -48 -39 -9 -22 36 -42 -14 14; 43 -42 42 -27 28 -50 -19 5 -23 14; -19 -6 -16 41 25 38 0 9 9 34]

H+U*G*B+E-V*Y+P*N-D
