C=[-50 -18 6 -43 -5 43; -44 47 17 24 5 -8; 16 18 41 -46 -38 -33; 5 -27 -28 -40 -7 8; 17 -17 -9 12 23 47; -41 23 -21 15 -18 -24]
L=[-27 28 14 -20 22 -19; 49 13 37 -39 30 44; 36 4 6 -21 14 -26; -36 -44 -12 37 -47 -3; -38 34 15 46 12 26; 36 -12 -44 1 18 28]
P=[-29 32 23 -35 19 -22; 21 48 -6 -3 15 0; 35 -46 -45 35 19 39; 0 15 2 -24 2 40; -18 5 -40 12 -9 -20; -47 12 -38 -22 -21 31]
G=[3 2 47 -47 -13 -49; -41 -28 -28 0 -26 38; 4 0 42 46 -16 49; -43 -2 -10 -13 1 -48; -49 -18 33 33 -10 -15; 17 43 -11 14 -1 27]
Y=[-10 10 -22 30 -35 -20; -26 13 15 -27 20 -37; 13 9 -33 -33 11 -1; 2 46 -9 -11 13 37; 29 29 -14 -42 46 -4; -39 38 -44 -11 -30 23]
K=[-15 17 9 -50 32 -31; 19 49 -18 20 1 -22; -38 -7 41 1 -28 20; 37 -20 -32 35 -9 -43; -7 31 -23 -33 1 -26; -44 -12 41 15 40 24]
F=[18 32 -21 46 -4 22; -11 47 44 -41 -14 26; -22 -29 -33 37 -33 0; 16 -16 -49 40 42 41; -16 -41 32 10 48 44; 35 16 -22 16 -35 25]
E=[34 -34 11 -38 46 -16; -20 33 1 30 -49 -13; -16 -6 31 -25 28 41; 9 -12 39 -45 25 -43; -16 -8 24 11 -18 -21; 35 19 47 48 31 43]
S=[38 -6 -21 28 -20 23; 9 -43 1 -48 -31 -9; -7 -26 -33 1 -40 -39; -25 21 45 -44 -41 14; -47 -43 48 46 42 11; -26 -17 7 4 -39 37]
W=[-19 -25 16 22 18 40; -9 21 3 2 47 26; -2 5 35 14 9 -5; 12 -43 39 -26 -18 -28; 31 -12 -17 -29 -33 6; 18 -2 31 -16 -29 -1]
I=[-21 -35 20 -44 -35 27; 41 29 -14 -14 44 46; -24 -32 30 -2 1 -32; -16 22 -15 40 -10 34; -27 -24 7 -26 -47 -31; 47 -18 36 -31 -12 3]

C-L*P+G-Y*K*F+E+S-W*I
